%YAML:1.0
description: "4"
samples:
   - !!opencv-matrix
      rows: 198
      cols: 1
      dt: d
      data: [ -2.0154444564996876e+01, -1.9511540697246033e+01,
          -1.8468769414149037e+01, -1.6968878853148556e+01,
          -1.4885514218825648e+01, -1.1783136052504412e+01,
          -7.7353946002819152e+00, -3.1272265203521004e+00,
          2.0141942440521916e+00, 6.9037900521682687e+00,
          1.0792213239413227e+01, 1.3915477524997248e+01,
          1.6191415677885253e+01, 1.7735661927465557e+01,
          1.8589183190277495e+01, 1.8890814578041454e+01,
          1.8769597917957555e+01, -1.6747035088126069e+01,
          -1.4475326017706754e+01, -1.1453163095447856e+01,
          -8.2406408844221630e+00, -5.0868305525182560e+00,
          2.7215231033979865e+00, 5.6793139641261776e+00,
          8.7570712000424606e+00, 1.1713939912385532e+01,
          1.3960526363707841e+01, -8.2680404321769640e-01,
          -7.4076230025744039e-01, -6.5877197808360755e-01,
          -5.5725678378748067e-01, -2.7521084372739830e+00,
          -1.3580021126021107e+00, 3.1885954734362412e-02,
          1.3683439208265962e+00, 2.6509593751120493e+00,
          -1.2614082345208722e+01, -1.0667085089883894e+01,
          -8.2298959414293389e+00, -6.0819438518100988e+00,
          -8.1890360019180441e+00, -1.0479925610369714e+01,
          4.1031006403445236e+00, 6.1099406281830015e+00,
          8.4843025960041416e+00, 1.0465465983551159e+01,
          8.4288430165611103e+00, 6.1806952331476674e+00,
          -4.5882938994388374e+00, -3.5018762848190175e+00,
          -1.8461244611969025e+00, 5.9484561967161298e-01,
          3.0423123596338884e+00, 4.9935470517241374e+00,
          6.3676607055847949e+00, 5.1459203530804354e+00,
          3.4902094430444990e+00, 1.3417712939924671e+00,
          -9.4380447426218095e-01, -2.8910924132570552e+00,
          -1.4486189248412642e+00, 8.4592487897019497e-01,
          3.2540631915798675e+00, 3.2843278077019136e+00,
          1.1058178210466205e+00, -1.1064405018395793e+00,
          -6.3787483013877253e+00, -8.9946306390914044e-01,
          4.5093373611100267e+00, 9.6705816441269423e+00,
          1.4274009047561801e+01, 1.8060821962606759e+01,
          2.0907748995355512e+01, 2.2861546350692858e+01,
          2.3010658679262235e+01, 2.1842309396158427e+01,
          1.8916093507915949e+01, 1.5305033741641379e+01,
          1.1199340127643120e+01, 6.8037527938940574e+00,
          2.1657350615281121e+00, -2.6223281826789306e+00,
          -7.4053270567298766e+00, -1.4699906529906068e+01,
          -1.6912176795229470e+01, -1.8008384020459044e+01,
          -1.8121375606237635e+01, -1.7545139174195210e+01,
          -1.7627483286526960e+01, -1.8328785795492262e+01,
          -1.8417570384218571e+01, -1.7535887132563584e+01,
          -1.5454615938387573e+01, -1.3516573786434467e+01,
          -1.0859606314034835e+01, -8.2336649765202310e+00,
          -5.6324671144025817e+00, -3.5446073071330764e-01,
          -3.4403415752379218e-01, -4.6011797198201299e-01,
          -4.9988787267580603e-01, -6.7647817893469475e-01,
          -1.0241179835339905e+01, -1.1522586790568326e+01,
          -1.1804930326630261e+01, -1.1011323574513806e+01,
          -1.0146896372979073e+01, -9.8041805846851915e+00,
          -1.1344830159647067e+01, -1.2210554031038861e+01,
          -1.2210642513999911e+01, -1.1104058070041571e+01,
          -1.0498026295047138e+01, -1.0666483595152371e+01,
          1.1094596664133270e+01, 8.6585463748775755e+00,
          6.3378949296778924e+00, 6.1708584480797439e+00,
          5.9978635276430063e+00, 8.0004875530113146e+00,
          1.0315058023766177e+01, 1.1577830144661545e+01,
          1.2481340861935106e+01, 1.2879581714090019e+01,
          1.2810889346161584e+01, 1.2152889095571593e+01,
          8.8296885975304722e+00, 8.1335952753960523e+00,
          8.4968760919625748e+00, 9.6463016424638290e+00,
          1.0034577138225989e+01, 9.9544570160747519e+00,
          2.1266977502280252e+01, 2.0946167407505484e+01,
          2.0484302378899496e+01, 1.8446080784276653e+01,
          1.3658122258261011e+01, 8.1208731275381396e+00,
          3.3639420319198976e+00, -7.5464125459546327e-01,
          -4.4525541036129468e+00, -5.3423559498915885e-01,
          3.6491866963596062e+00, 8.3804841280117657e+00,
          1.3790721285010001e+01, 1.8420694963327460e+01,
          2.0405355887797011e+01, 2.0644337210416225e+01,
          2.0913126174803406e+01, -3.7278865943721595e-02,
          -1.5426907595891319e+00, -2.9505528853192042e+00,
          -4.3702815523623322e+00, -5.7013535882692921e+00,
          -5.6920271488905918e+00, -4.3349154610694418e+00,
          -2.9231962680201753e+00, -1.5202702653055924e+00,
          1.8877631211509036e-01, -5.0131201553204834e+00,
          -7.5539588017817580e+00, -1.0307958652869820e+01,
          -1.3210766788209245e+01, -6.1136020717791348e+00,
          -7.0370561747436513e+00, -8.0117847716132786e+00,
          -6.9285652705183205e+00, -6.0083732388639248e+00,
          -1.1721501171855615e+00, -1.0611501237722054e+00,
          -9.2292185488374701e-01, -7.3167026115328004e-01,
          -1.0927518848730169e+00, -1.1085379561855497e+00,
          -8.9364920637446188e-01, -9.4090913528322762e-01,
          -9.7122423528633584e-01, -9.4368906047430812e-01,
          -1.0089558894688713e+00, -1.0947014833806181e+00,
          -2.9155654349035771e+00, -4.9940559391655741e+00,
          -6.6584247297486803e+00, -8.2875943387513260e+00,
          -6.3632648127331208e+00, -4.7452363850990862e+00,
          -2.8070479569147739e+00, -4.0332941039474184e+00,
          -5.4130262398937523e+00, -6.8262670291088723e+00,
          -5.6501853066550680e+00, -4.3521388328256840e+00,
          -5.1087601415635255e+00, -7.2118185775116217e+00,
          -4.8471400102477418e+00, -4.4105713653472360e+00,
          -6.4278353032763693e+00, -4.6853175112861480e+00 ]
   - !!opencv-matrix
      rows: 198
      cols: 1
      dt: d
      data: [ -2.0140907945339400e+01, -1.9542879610127802e+01,
          -1.8551290398731677e+01, -1.7074920512155856e+01,
          -1.4999860296273681e+01, -1.1893526263243146e+01,
          -7.8338633047209534e+00, -3.2101415994986668e+00,
          1.9615074773895484e+00, 6.8940873314844957e+00,
          1.0800013598963814e+01, 1.3960981294840767e+01,
          1.6277823723714025e+01, 1.7854047236575614e+01,
          1.8708488217328245e+01, 1.8957306638577979e+01,
          1.8774991412023546e+01, -1.6412604492435765e+01,
          -1.4270652605727392e+01, -1.1354838270212639e+01,
          -8.2003093085305938e+00, -5.0738907121306980e+00,
          2.6748875756169532e+00, 5.5538619799195352e+00,
          8.5400350729541223e+00, 1.1390189471864524e+01,
          1.3566558904402044e+01, -7.8393047532040339e-01,
          -7.0812691900609859e-01, -6.3419456798713947e-01,
          -5.4218422454405801e-01, -2.6516064731819013e+00,
          -1.2990754300526393e+00, 5.0034480147050781e-02,
          1.3473435544687897e+00, 2.5962614223727276e+00,
          -1.2003895977178042e+01, -1.0189895549294929e+01,
          -7.9108682777020904e+00, -5.8822672928240465e+00,
          -7.8455918180908828e+00, -9.9958890005327135e+00,
          4.0423817148697907e+00, 5.9346170253101480e+00,
          8.1564734112822403e+00, 1.0003182927417543e+01,
          8.0928522808762207e+00, 5.9826349523852418e+00,
          -4.5765100834333658e+00, -3.4839721069137881e+00,
          -1.8466342905848858e+00, 5.8682712426378936e-01,
          3.0235594534220804e+00, 4.9406176729255105e+00,
          6.2925040600344415e+00, 5.0943064015680930e+00,
          3.4598407603247372e+00, 1.3018231770472481e+00,
          -9.8460209160550205e-01, -2.9112494183337345e+00,
          -1.3839330639215861e+00, 8.2752013599201413e-01,
          3.1450968777177524e+00, 3.1735863614218585e+00,
          1.0832857199457537e+00, -1.0505785109825367e+00,
