%YAML:1.0
description: sad
samples:
   - !!opencv-matrix
      rows: 198
      cols: 1
      dt: d
      data: [ -2.0482647658034079e+01, -1.9793668763350212e+01,
          -1.8629402901875970e+01, -1.6929155557493640e+01,
          -1.4637645336569852e+01, -1.1680594705727527e+01,
          -8.0248342588846349e+00, -3.6924930519268568e+00,
          1.3164900148409096e+00, 6.3788609241838028e+00,
          1.0481933594479795e+01, 1.3795849082639013e+01,
          1.6308289542626671e+01, 1.7979430065691183e+01,
          1.9004869959449223e+01, 1.9499107353521495e+01,
          1.9513504677037922e+01, -1.7063293695422118e+01,
          -1.5327704662104164e+01, -1.2541269390664057e+01,
          -9.3735017673095253e+00, -6.2097572238978609e+00,
          3.0426040242231980e+00, 6.2882567171358472e+00,
          9.6503078031858962e+00, 1.2811190412685127e+01,
          1.5051448656191438e+01, -1.0355272896592709e+00,
          -7.8388211765564564e-01, -5.2555351706353226e-01,
          -2.5913886588911228e-01, -2.7026730286629119e+00,
          -1.3020239044262538e+00, 1.4311374850878070e-01,
          1.6264356432167193e+00, 2.9949198784338922e+00,
          -1.1908327348765940e+01, -1.0223679222619651e+01,
          -8.0160837015400759e+00, -5.9856699154591846e+00,
          -7.8299996625885298e+00, -9.9089999097289194e+00,
          4.2083965966135448e+00, 6.1386935456999616e+00,
          8.3863714409056858e+00, 1.0283373729681777e+01,
          8.3501370865614071e+00, 6.2163688019461905e+00,
          -3.8289393773287772e+00, -2.9489926106423630e+00,
          -1.5019976609259147e+00, 6.1687348278099230e-01,
          2.7658306886147273e+00, 4.4970983486926137e+00,
          5.7209279026924182e+00, 4.5235747506663984e+00,
          2.9943826051233757e+00, 1.0158622468819070e+00,
          -9.0998318083148044e-01, -2.5180641177099474e+00,
          -6.7107646701255219e-01, 7.6095893366630973e-01,
          2.2553717436264353e+00, 2.1485978796749512e+00,
          8.0793645048183804e-01, -5.2595407105972525e-01,
          -5.2864443578780529e+00, -3.4438314865242481e-01,
          4.5334085225324952e+00, 9.2026484419126025e+00,
          1.3434771462642509e+01, 1.7231693672507298e+01,
          2.0488787733473757e+01, 2.2891197584224631e+01,
          2.3407765065455109e+01, 2.2474383619528410e+01,
          1.9694502988272863e+01, 1.6066669318288859e+01,
          1.1917711699379026e+01, 7.2853241481922240e+00,
          2.2038427183396019e+00, -3.0245514141760808e+00,
          -8.2522806579894965e+00, -1.3435618326263217e+01,
          -1.6196792467286212e+01, -1.7825233387334205e+01,
          -1.8259852685668847e+01, -1.7960252411165786e+01,
          -1.8564278697207030e+01, -1.9419343532313412e+01,
          -1.9493157416209296e+01, -1.8241639110632772e+01,
          -1.5654588160837616e+01, -1.3138096538770508e+01,
          -1.0347840290626777e+01, -7.5618081776467152e+00,
          -4.7746909486280114e+00, 7.3211984661613916e-01,
          9.1500592976583994e-01, 8.5728290933355022e-01,
          6.7892650866259707e-01, 2.5921457933517622e-01,
          -9.6181755660078032e+00, -1.0914451176880416e+01,
          -1.1261622276672378e+01, -1.0710572601487351e+01,
          -9.6992676572838956e+00, -9.2913631004437729e+00,
          -1.1453963072580775e+01, -1.2342393063857317e+01,
          -1.2320431801692749e+01, -1.1340020823674875e+01,
          -1.0697802653040521e+01, -1.0772283148746578e+01,
          1.0349301686467172e+01, 8.0891090366326850e+00,
          6.0803698015857552e+00, 6.0425611423556020e+00,
          5.7641138758718906e+00, 7.5274292167127506e+00,
          9.5798697472228209e+00, 1.0850238251882850e+01,
          1.1782852702579937e+01, 1.2169161666430904e+01,
          1.2070829526009840e+01, 1.1405262743117001e+01,
          8.6227242357713880e+00, 8.1588745821685453e+00,
          8.3903327763540059e+00, 8.8538842804021538e+00,
          9.1274215919690125e+00, 9.0637057359703377e+00,
          2.0980579360421778e+01, 2.0492434509342665e+01,
          2.0239818255189405e+01, 1.8519828307804868e+01,
          1.3468134230088637e+01, 8.0919511912095672e+00,
          3.5441454329856672e+00, -5.8831892335180147e-01,
          -4.4360346919415310e+00, -5.5021077382240358e-01,
          3.6235677955669172e+00, 8.1719380665812995e+00,
          1.3579990266680470e+01, 1.8757206720915068e+01,
          2.0509874922310676e+01, 2.0867102981451573e+01,
          2.1311617200051721e+01, 1.6411134256409413e-01,
          -1.7355697699075061e+00, -3.0575098388850694e+00,
          -4.3580346880775132e+00, -5.5413137267465622e+00,
          -5.3902830542871474e+00, -4.1851643748784122e+00,
          -2.8778763660198012e+00, -1.5453060998522199e+00,
          3.6982248725111333e-01, -4.8660110010031916e+00,
          -7.7208183625066393e+00, -1.0482108870806226e+01,
          -1.3038178393492867e+01, -6.3564966929863047e+00,
          -7.1505565554401072e+00, -7.9579574874209342e+00,
          -7.0731277105446440e+00, -6.3714580038614379e+00,
          -1.1925714871894051e+00, -1.1960065037577032e+00,
          -1.0591068873266205e+00, -9.1529997959687692e-01,
          -1.1991202073944340e+00, -1.1626194670410359e+00,
          -6.9431612735391190e-01, -9.6534507294773897e-01,
          -1.0707997604142281e+00, -1.0062727739052340e+00,
          -9.6603636623677425e-01, -9.7247368539184187e-01,
          -2.7550941493380923e+00, -5.0132477823237718e+00,
          -6.6484626454763474e+00, -8.2786299208642085e+00,
          -6.5672617552474000e+00, -4.9255358753825114e+00,
          -2.6153647330474779e+00, -3.9265351125583821e+00,
          -5.4373371066666758e+00, -6.9709410749682883e+00,
          -5.5004304721711010e+00, -3.9397417287951617e+00,
          -5.0165467930341920e+00, -6.9999140665748110e+00,
          -5.0084804708239323e+00, -4.5294869380137444e+00,
          -6.3633801077414720e+00, -4.5133221631892280e+00 ]
   - !!opencv-matrix
      rows: 198
      cols: 1
      dt: d
      data: [ -2.0538906920279533e+01, -1.9845608911211009e+01,
          -1.8679789431536420e+01, -1.6971284888921641e+01,
          -1.4659639769292721e+01, -1.1681928653135351e+01,
          -7.9988697861147093e+00, -3.6341858650322112e+00,
          1.3957763193079087e+00, 6.4392104104362762e+00,
          1.0542496225461967e+01, 1.3861539043918429e+01,
          1.6360759051167534e+01, 1.8010269293275911e+01,
          1.9020494891191081e+01, 1.9507774150214882e+01,
          1.9526622013229293e+01, -1.7116057084285480e+01,
          -1.5378905327188969e+01, -1.2544482949131586e+01,
          -9.3146714482408228e+00, -6.0893354726273436e+00,
          3.0700535806310332e+00, 6.3527318760148237e+00,
          9.7535206578866323e+00, 1.2946333061610876e+01,
          1.5186532552960525e+01, -1.0377518312778802e+00,
          -7.8846671088914699e-01, -5.3057101376622362e-01,
          -2.6565041895180097e-01, -2.7690111886454769e+00,
          -1.3557678939159774e+00, 1.0431434203043072e-01,
          1.6052505558439902e+00, 2.9918541369306255e+00,
          -1.1935598567199349e+01, -1.0230621928703181e+01,
          -7.9987589307276350e+00, -5.9324475071294964e+00,
          -7.8010259703524278e+00, -9.9042853124640757e+00,
          4.2131296045381017e+00, 6.1848916391441104e+00,
          8.4650362501271026e+00, 1.0388956827191130e+01,
          8.4165455634102457e+00, 6.2522838202427078e+00,
          -3.8786795533978671e+00, -2.9881068526967853e+00,
          -1.5402956997031374e+00, 5.7358677841673711e-01,
          2.7116154678168489e+00, 4.4386923967883707e+00,
          5.6694137850951218e+00, 4.4335699736642109e+00,
          2.9028156035134773e+00, 9.5295212870193202e-01,
          -9.4659775017922332e-01, -2.5483019332956371e+00,
          -7.6250439613922838e-01, 7.0851972423829124e-01,
          2.2368823406210310e+00, 2.1215279819103818e+00,
          7.4842525033132601e-01, -6.2143710413475883e-01,
