%YAML:1.0
description: happy
samples:
   - !!opencv-matrix
      rows: 198
      cols: 1
      dt: d
      data: [ -2.0162292583688931e+01, -1.9574768936080698e+01,
          -1.8638145230885765e+01, -1.7190473095513259e+01,
          -1.4961040590955788e+01, -1.1630298562951269e+01,
          -7.4132140742499448e+00, -2.7226092713715850e+00,
          2.3121277967926366e+00, 7.0181405017780678e+00,
          1.1142872468590372e+01, 1.4576796068361638e+01,
          1.6757778232863231e+01, 1.7785874459759459e+01,
          1.8288331193470366e+01, 1.8397138554748668e+01,
          1.8159715450724580e+01, -1.6505362534245897e+01,
          -1.4601722668559461e+01, -1.1510976407405979e+01,
          -7.9551490052450120e+00, -4.4353294092225823e+00,
          2.9855826613463012e+00, 6.1650574009150150e+00,
          9.4991816243793838e+00, 1.2567620690504789e+01,
          1.4688993876645238e+01, -5.4159400473244090e-01,
          -4.0640272808472500e-01, -2.6563151210846592e-01,
          -1.3581992004376472e-01, -3.0438632652691915e+00,
          -1.5571688141185767e+00, -8.8206064620881819e-02,
          1.3428934850169421e+00, 2.8069974112005616e+00,
          -1.1505301748018356e+01, -9.8470034574591878e+00,
          -7.8726790137205462e+00, -5.9524837430826079e+00,
          -7.7087510170798952e+00, -9.6157130181277548e+00,
          5.3706342915874874e+00, 7.3021837734693706e+00,
          9.3045165768889255e+00, 1.0992249381275304e+01,
          9.1058948531462516e+00, 7.1853448302606235e+00,
          -7.8464570446700188e+00, -6.2959949193289493e+00,
          -3.6903990203201955e+00, -1.4182025233381440e-01,
          3.3785098338818425e+00, 6.2213262624642685e+00,
          8.0695673314108998e+00, 6.1333308765037451e+00,
          3.6034261834095473e+00, 4.4157840773127027e-01,
          -2.8818756478461656e+00, -5.6493684603704031e+00,
          -3.9449003566813809e+00, -4.0884155800567257e-02,
          3.8714279482326521e+00, 4.0920614842542884e+00,
          2.8055607347159661e-01, -3.7091919066194059e+00,
          -5.4532222140292541e+00, -4.4195594870522353e-01,
          4.5048314731453818e+00, 9.4330491228154205e+00,
          1.4288926993849250e+01, 1.8347035990183173e+01,
          2.1300119918480888e+01, 2.3296389970187871e+01,
          2.3678863568872035e+01, 2.2216520773867181e+01,
          1.9394408092140576e+01, 1.5711743082013243e+01,
          1.1014875187153775e+01, 5.8118425221339569e+00,
          7.5056693436942457e-01, -4.2280285324478726e+00,
          -9.2013409520039495e+00, -1.3701019353713669e+01,
          -1.6708141244246221e+01, -1.8541862973141640e+01,
          -1.8938268023831181e+01, -1.8333907387024528e+01,
          -1.8956990820383172e+01, -1.9934624698800977e+01,
          -1.9983881291988553e+01, -1.8654838774072097e+01,
          -1.6110170457458544e+01, -1.1581434927358412e+01,
          -9.2543108156258764e+00, -6.9424702130052918e+00,
          -4.6728224532871003e+00, -7.1435331184155926e-01,
          -6.1033973577401768e-01, -6.1514073159353444e-01,
          -7.6186643536490428e-01, -9.8305908342011628e-01,
          -7.9662933455278822e+00, -8.8545878011014878e+00,
          -9.1355311098697616e+00, -9.0050221114892928e+00,
          -8.2150065671682064e+00, -7.8431760950547931e+00,
          -9.8080257512984002e+00, -1.0141015640512725e+01,
          -1.0065860138540359e+01, -9.2999334619758933e+00,
          -9.0117088785791442e+00, -9.1581489687885291e+00,
          9.5657404033883644e+00, 6.5491178402294601e+00,
          4.1063949094321170e+00, 3.8173988049553103e+00,
          3.6848163187545668e+00, 5.8780923834278056e+00,
          8.7803119439324053e+00, 1.0987080327513803e+01,
          1.2614244541438911e+01, 1.3333391174637406e+01,
          1.2999572123045457e+01, 1.1591753665761644e+01,
          6.7639579992685244e+00, 6.0860968403077500e+00,
          6.3160651648228194e+00, 9.8794826034362551e+00,
          1.0802137731728912e+01, 1.0323675025154074e+01,
          2.1290485755519470e+01, 2.1073352345304496e+01,
          2.0656959730900848e+01, 1.8112642717926345e+01,
          1.3493709684012886e+01, 7.8485163009751595e+00,
          3.1775129344775910e+00, -7.2152691562939686e-01,
          -4.8189019432898990e+00, -6.0551386790958284e-01,
          3.2899071757764924e+00, 8.1513479781663367e+00,
          1.3940459413384700e+01, 1.8425434812416903e+01,
          2.0846372391394748e+01, 2.1148767332429745e+01,
          2.1585494262897562e+01, 2.2906470260749448e-01,
          -1.6532343880472162e+00, -3.0150635553770915e+00,
          -4.1926470793442077e+00, -5.3744008097021823e+00,
          -5.4785246677870632e+00, -4.2255725926406482e+00,
          -2.9310824199982251e+00, -1.4810414652257227e+00,
          3.5482708962913373e-01, -4.9608287415409222e+00,
          -7.5152598946034566e+00, -1.0284130415271598e+01,
          -1.3271646910749878e+01, -6.3061293850732687e+00,
          -6.9762387736449991e+00, -7.9054812815583704e+00,
          -7.0220258859052542e+00, -6.0220498061877734e+00,
          -9.7006323617089985e-01, -1.3297318089878152e+00,
          -1.5079781718662792e+00, -1.0419666893370030e+00,
          -1.1162899057579962e+00, -1.0844116452896655e+00,
          -1.1829226411007205e+00, -1.3239251989816034e+00,
          -1.2007498512932873e+00, -1.0196190219979742e+00,
          -1.1589108516991284e+00, -1.2931388008879501e+00,
          -2.7313664153447226e+00, -4.8554022968820831e+00,
          -6.2900069750467926e+00, -7.7137641016256637e+00,
          -6.4313606702978499e+00, -4.9035900644300181e+00,
          -2.7955335878927641e+00, -3.9871186515772781e+00,
          -5.4483880588446869e+00, -6.9183206668384649e+00,
          -5.3630466820769431e+00, -4.0752934625042148e+00,
          -4.9693756997393486e+00, -7.4716969903531867e+00,
          -4.9174639884983486e+00, -4.4335241179350664e+00,
          -6.7942684175668084e+00, -4.5342173238901768e+00 ]
   - !!opencv-matrix
      rows: 198
      cols: 1
      dt: d
      data: [ -2.0139000981995892e+01, -1.9546269807011139e+01,
          -1.8606249018715765e+01, -1.7157064273446647e+01,
          -1.4924305004322102e+01, -1.1588810226961870e+01,
          -7.3723748317864510e+00, -2.6872930319522457e+00,
          2.3456108270357481e+00, 7.0418885628491807e+00,
          1.1152482976488006e+01, 1.4568157389249718e+01,
          1.6729679926584485e+01, 1.7741997112273324e+01,
          1.8236899261536983e+01, 1.8347453929913183e+01,
          1.8116341813274328e+01, -1.6477057550253370e+01,
          -1.4567883054666224e+01, -1.1482112067076674e+01,
          -7.9352010644722073e+00, -4.4247129007119419e+00,
          2.9375661960034671e+00, 6.1213550306743389e+00,
          9.4570829834767647e+00, 1.2524822983821217e+01,
          1.4644091597366852e+01, -5.4902908235783388e-01,
          -4.1525812792543226e-01, -2.7630511134502178e-01,
          -1.4729711258311595e-01, -3.0600401459833613e+00,
          -1.5660774406883688e+00, -9.1516219528734594e-02,
          1.3466432026033193e+00, 2.8184131276331792e+00,
          -1.1444418005668188e+01, -9.7993038749909527e+00,
          -7.8442434136520163e+00, -5.9378803923263801e+00,
          -7.6804193110402608e+00, -9.5699327469926345e+00,
          5.3368454036751896e+00, 7.2594059002582414e+00,
          9.2398590052416711e+00, 1.0907486362040832e+01,
          9.0331511422622821e+00, 7.1320586363729106e+00,
          -7.9528648429703921e+00, -6.3654857205503292e+00,
          -3.7238033840856386e+00, -1.3756809280467813e-01,
          3.4226714191091561e+00, 6.3036150312694792e+00,
          8.1922796458658951e+00, 6.2212427650496274e+00,
          3.6531519156761800e+00, 4.5536704445774645e-01,
          -2.9083627132076066e+00, -5.7155126849174112e+00,
          -4.0212970597091733e+00, -3.5705043480880772e-02,
          3.9624118572070111e+00, 4.1940833242534534e+00,
          2.9428643606982979e-01, -3.7829313180674786e+00,
