%YAML:1.0
description: neutral
samples:
   - !!opencv-matrix
      rows: 198
      cols: 1
      dt: d
      data: [ -2.0072052319314835e+01, -1.9520785320505958e+01,
          -1.8604100979212639e+01, -1.7183025597875847e+01,
          -1.5109780419970159e+01, -1.2017840632212078e+01,
          -7.9837260913413912e+00, -3.3379721531408597e+00,
          1.8048971320676366e+00, 6.8006237837542924e+00,
          1.1042798945954447e+01, 1.4514326904556519e+01,
          1.6848724680837126e+01, 1.8065059519912111e+01,
          1.8686666568700481e+01, 1.8853821103391937e+01,
          1.8663713645374749e+01, -1.6976830175265583e+01,
          -1.5275962253193391e+01, -1.2466358048531722e+01,
          -9.2751947013535609e+00, -6.0973671002437131e+00,
          3.4421766596341548e+00, 6.5298016068764886e+00,
          9.7387825582200946e+00, 1.2752972263802855e+01,
          1.4845515252366399e+01, -8.8025278577963717e-01,
          -6.8175616523517979e-01, -4.7565638442860264e-01,
          -2.6431813950854477e-01, -2.6965469201329832e+00,
          -1.3412181045693545e+00, 6.0916614651724543e-03,
          1.3672486176037553e+00, 2.7102717808583190e+00,
          -1.1243620625737057e+01, -9.7724135696467211e+00,
          -7.8615740652522419e+00, -6.0182744470770988e+00,
          -7.6083144613784626e+00, -9.4438325103878569e+00,
          4.5899683933401310e+00, 6.3922693299325388e+00,
          8.3414945960752469e+00, 9.9504030123564995e+00,
          8.1929977722035403e+00, 6.3168588873467675e+00,
          -5.3805834010484697e+00, -4.0203185616990211e+00,
          -2.1516161959428759e+00, 4.3139011406398037e-01,
          3.0040030619420914e+00, 5.1304562081601235e+00,
          6.7845741779542266e+00, 5.1376426778675510e+00,
          3.1578982875659545e+00, 8.4802122100561861e-01,
          -1.4891699750019169e+00, -3.5712798289641992e+00,
          -1.5901729570436300e+00, 5.6551363466719895e-01,
          2.7575365311405919e+00, 2.7230568045590440e+00,
          6.6161713776366826e-01, -1.4424435135691227e+00,
          -5.9853214072114751e+00, -8.4678363976432103e-01,
          4.2333725265042759e+00, 9.2237489362254799e+00,
          1.3988309881985456e+01, 1.8108459243627866e+01,
          2.1295904421371663e+01, 2.3513052044822675e+01,
          2.3942487427715669e+01, 2.2833941527304855e+01,
          2.0062320545314144e+01, 1.6381758157758856e+01,
          1.1869500771764768e+01, 6.8383563980985995e+00,
          1.6649341857765689e+00, -3.5257982368696079e+00,
          -8.7162418883345421e+00, -1.3583369081994546e+01,
          -1.6342431126273961e+01, -1.7923044939642658e+01,
          -1.8257991286598799e+01, -1.7823386597022935e+01,
          -1.8423644813162255e+01, -1.9324577146098978e+01,
          -1.9459023775533218e+01, -1.8314796323785501e+01,
          -1.5847976791088612e+01, -1.2762685477832123e+01,
          -1.0246448344127767e+01, -7.7366357438854170e+00,
          -5.2496753747759151e+00, -4.9182508736306674e-01,
          -4.8602269765146611e-01, -5.8064654495100676e-01,
          -6.8222143290433324e-01, -8.7799017821040315e-01,
          -8.9843478652632758e+00, -1.0060717685214341e+01,
          -1.0410299029417967e+01, -1.0137065507268840e+01,
          -9.1109771972972133e+00, -8.7183498314113574e+00,
          -1.0872194660704995e+01, -1.1401692886210439e+01,
          -1.1305000835522211e+01, -1.0445360894168727e+01,
          -9.9421935202761755e+00, -1.0070396012048194e+01,
          1.0211186132351813e+01, 7.9620849941035861e+00,
          5.8911239507680655e+00, 5.8546502487091479e+00,
          5.5364097768084859e+00, 7.3461645259528350e+00,
          9.3870000009257915e+00, 1.0675189800581283e+01,
          1.1499994979212193e+01, 1.1903553324408842e+01,
          1.1822230337069731e+01, 1.1262773402821431e+01,
          8.3597941305194361e+00, 7.9031311188113547e+00,
          8.0583675468911320e+00, 8.8958985630327660e+00,
          9.2449894805090835e+00, 9.1765543372017344e+00,
          2.1102613138196265e+01, 2.0847332876451322e+01,
          2.0500679995365221e+01, 1.8438980085137707e+01,
          1.3578912048588039e+01, 7.9833967131230246e+00,
          3.4543927269575350e+00, -5.8897283129662248e-01,
          -4.6737904858576016e+00, -5.6537784645760625e-01,
          3.5202676219726396e+00, 8.1224354434191515e+00,
          1.3793356515901118e+01, 1.8670723677811964e+01,
          2.0718022687348707e+01, 2.1075936649261742e+01,
          2.1383502806616196e+01, 2.0378379480898290e-01,
          -1.7161808968947088e+00, -3.1153248345937241e+00,
          -4.4054853140644790e+00, -5.5634277743396474e+00,
          -5.4970476979234917e+00, -4.2891837193223710e+00,
          -2.9574851977118621e+00, -1.5284806681437455e+00,
          3.9879181052546042e-01, -5.0523814021269704e+00,
          -7.6781789649507193e+00, -1.0349770216388301e+01,
          -1.3061893103294533e+01, -6.0364406167017455e+00,
          -6.9828935850854830e+00, -8.0688536263349455e+00,
          -6.9640854624947206e+00, -5.9618821599390328e+00,
          -1.3416599838715648e+00, -1.3533552382096166e+00,
          -1.1726078230937591e+00, -8.0490905636804799e-01,
          -1.1095357831745321e+00, -1.1555669833907452e+00,
          -7.3158318557365609e-01, -1.0577075219271750e+00,
          -1.2275297163861993e+00, -1.2211705985925569e+00,
          -1.0557737930774898e+00, -1.0319822000924745e+00,
          -2.8033846709523842e+00, -4.9664407593647431e+00,
          -6.5687424084496824e+00, -8.0048944133943465e+00,
          -6.5571597995187503e+00, -4.9296076599538052e+00,
          -2.7653434092561611e+00, -4.0086953425966039e+00,
          -5.5320589387161867e+00, -6.9882722915208850e+00,
          -5.5311891234246495e+00, -4.0392266790551394e+00,
          -5.0564121051877926e+00, -7.0467069750441951e+00,
          -5.0469167372506751e+00, -4.5533288003410037e+00,
          -6.5159032003907624e+00, -4.5582202825087865e+00 ]
   - !!opencv-matrix
      rows: 198
      cols: 1
      dt: d
      data: [ -2.0106549425545627e+01, -1.9540271580832094e+01,
          -1.8591470504077282e+01, -1.7152138137593770e+01,
          -1.5073725350611575e+01, -1.1997830897658888e+01,
          -7.9914911345459121e+00, -3.3567073469686797e+00,
          1.7921006398999801e+00, 6.7980654110474967e+00,
          1.1033002826753160e+01, 1.4483523944633445e+01,
          1.6818808576131254e+01, 1.8052435144310401e+01,
          1.8694596405947127e+01, 1.8895614397658399e+01,
          1.8725097680623417e+01, -1.6982136994104238e+01,
          -1.5249633207273535e+01, -1.2431219043013465e+01,
          -9.2382714054566559e+00, -6.0618231692235129e+00,
          3.3888917164080583e+00, 6.4808552378477406e+00,
          9.6955451326842788e+00, 1.2719428174518713e+01,
          1.4838322900256461e+01, -8.9454790433469256e-01,
          -6.9164650068203626e-01, -4.8092423620292390e-01,
          -2.6461326419570008e-01, -2.8161771477072732e+00,
          -1.3962671507135531e+00, 2.9491723865517711e-02,
          1.4695166194089118e+00, 2.8687944015744136e+00,
          -1.1290501989446689e+01, -9.7946858215860608e+00,
          -7.8604249017511325e+00, -6.0047887675608935e+00,
          -7.6227223992211055e+00, -9.4774866168940228e+00,
          4.5408917283122738e+00, 6.3479821289400844e+00,
          8.3181820344762638e+00, 9.9564741665820566e+00,
          8.1903320803442270e+00, 6.2951361340531466e+00,
          -5.4140963047623458e+00, -4.0297777523067513e+00,
          -2.1396907220383179e+00, 4.3961817542532422e-01,
          3.0118491328490173e+00, 5.1564411637030085e+00,
          6.8364401637689447e+00, 5.1824814801121750e+00,
          3.1864701330522234e+00, 8.5745944013212561e-01,
          -1.4932411103947913e+00, -3.5932588695199277e+00,
          -1.5977817104385337e+00, 5.7831000368984220e-01,
          2.7907538954083551e+00, 2.7601024177715399e+00,
          6.6752396901124889e-01, -1.4598028518293731e+00,
