%YAML:1.0
description: surprise
samples:
   - !!opencv-matrix
      rows: 198
      cols: 1
      dt: d
      data: [ -1.9096836752563398e+01, -1.8480019483537962e+01,
          -1.7388541766799662e+01, -1.5669901096239240e+01,
          -1.3330086417862875e+01, -1.0329516806141967e+01,
          -6.6672617042894764e+00, -2.4618330251885689e+00,
          2.4494278678301438e+00, 6.9915443332776217e+00,
          1.0432526713919199e+01, 1.3094027437759578e+01,
          1.4910310107860290e+01, 1.6215309351600872e+01,
          1.7085072176265474e+01, 1.7408139139297617e+01,
          1.7273322606371821e+01, -1.4628104418578118e+01,
          -1.2943198820594816e+01, -1.0612036892672533e+01,
          -8.0052967768340579e+00, -5.4781430120274655e+00,
          3.1547310554728711e+00, 5.5201064549721721e+00,
          8.0381495561160410e+00, 1.0354861251032416e+01,
          1.2040137329798045e+01, -7.1585797141814167e-01,
          -6.2283445654680170e-01, -5.2910040829455807e-01,
          -4.2460648234522552e-01, -1.9823502582151575e+00,
          -1.0308259562790343e+00, -1.2895640382304152e-01,
          7.9010157013307447e-01, 1.7482370353169310e+00,
          -1.0661998150123488e+01, -9.2823450878058598e+00,
          -7.5310148745922572e+00, -6.0705679185676535e+00,
          -7.4969211775084332e+00, -9.1724759176750688e+00,
          4.8757092521393339e+00, 6.3155072487471715e+00,
          8.0349775886833807e+00, 9.3798947961178047e+00,
          7.9664607003055057e+00, 6.3303813847862411e+00,
          -4.2551947773120533e+00, -3.5331227438573336e+00,
          -2.1491182644073663e+00, 1.9644022065821493e-01,
          2.5877335439739317e+00, 4.2864198166610574e+00,
          5.3104151095653256e+00, 4.6033358075487341e+00,
          3.2958332848511027e+00, 1.0017082552750303e+00,
          -1.4957318273472680e+00, -3.1526770202716423e+00,
          -1.5909902622353420e+00, 3.6329025910451773e-01,
          2.4509737446651876e+00, 2.7395223479338395e+00,
          7.8026338349837487e-01, -1.3025875152166733e+00,
          -5.6371291301267981e+00, -5.4917934495495557e-01,
          4.4449377795673950e+00, 9.2790208602772069e+00,
          1.3785156282087328e+01, 1.7711389080949402e+01,
          2.0988914167432629e+01, 2.3593138902153036e+01,
          2.4174037322990159e+01, 2.2557045223742382e+01,
          1.9165565482969640e+01, 1.5203834653832761e+01,
          1.0781155385389619e+01, 6.1388556179239284e+00,
          1.4426006474173687e+00, -3.2890714660306792e+00,
          -8.0125885850295280e+00, -1.7693856662981393e+01,
          -1.9669192401310269e+01, -2.0890420401614307e+01,
          -2.1105746023253587e+01, -2.0452379140199334e+01,
          -2.0717877629236337e+01, -2.1466635403188096e+01,
          -2.1409794631015409e+01, -2.0321392406061825e+01,
          -1.8438445650438858e+01, -1.2073299963241318e+01,
          -9.6849856886275667e+00, -7.3043087409397911e+00,
          -4.9560717916825752e+00, -7.8318003001530800e-02,
          -2.3823284649118581e-01, -3.4826249470632997e-01,
          -3.0876195482552715e-01, -2.1483499365105857e-01,
          -9.7771502663449823e+00, -1.0595543977055140e+01,
          -1.0756275682613403e+01, -1.0326821887803906e+01,
          -9.2932312417925225e+00, -9.0857279443131240e+00,
          -1.0811578865826474e+01, -1.1244799941920734e+01,
          -1.1181169876246809e+01, -1.0409246965720362e+01,
          -9.7069061978103868e+00, -9.8156139729231136e+00,
          1.1002052828081803e+01, 8.5867348430565436e+00,
          6.1338865920694854e+00, 5.8657272952694255e+00,
          5.8761825463193951e+00, 8.1814392689019311e+00,
          1.0571683281317760e+01, 1.2689420308427021e+01,
          1.4599622175744232e+01, 1.5484136680929407e+01,
          1.4896753647584390e+01, 1.3076536295504521e+01,
          8.6367020328793167e+00, 7.8450758072538225e+00,
          8.4249431382587829e+00, 1.1846565696173091e+01,
          1.2839893109414055e+01, 1.2041987547729098e+01,
          2.0774918125078507e+01, 2.0378138642993200e+01,
          1.9845972798028669e+01, 1.7842131207460628e+01,
          1.3388639715810537e+01, 7.7699525659157693e+00,
          2.8797574738706335e+00, -7.8479127842881280e-01,
          -4.6373089852915186e+00, -5.5412755184173745e-01,
          3.1088071966297814e+00, 8.0783163359283190e+00,
          1.3713149985680285e+01, 1.7962401728787842e+01,
          1.9865232237830757e+01, 2.0190784598473090e+01,
          2.0713662828779455e+01, 4.2961545148318758e-01,
          -1.2479000991827962e+00, -2.6501989473544980e+00,
          -3.8993814838869714e+00, -5.1520940874896670e+00,
          -5.1598073819768944e+00, -3.8905095141223214e+00,
          -2.6175783323052895e+00, -1.2236229905709204e+00,
          4.9893930085402355e-01, -4.8037736113688974e+00,
          -7.4181916963754437e+00, -1.0084962256522472e+01,
          -1.2921631020839310e+01, -6.2370025564589922e+00,
          -6.8725300850659483e+00, -7.6704858388898689e+00,
          -6.7779211836332740e+00, -5.9355455985416743e+00,
          -1.0577833650733270e+00, -1.0671872830381088e+00,
          -1.1134841550323538e+00, -7.5963602202767211e-01,
          -1.1309124687203300e+00, -1.0586079081586084e+00,
          -9.8029127176427922e-01, -1.0241079851349628e+00,
          -9.5057541834408421e-01, -9.6955040645510970e-01,
          -1.0710470505982048e+00, -1.2811178542727448e+00,
          -2.6849042576683537e+00, -5.0684110704929690e+00,
          -6.5927067481071813e+00, -8.2600402682246639e+00,
          -6.4434657711894445e+00, -4.9193921928962245e+00,
          -2.6925077860653328e+00, -4.1428417018590729e+00,
          -5.3688038812790877e+00, -6.8597661507120424e+00,
          -5.5230430152849168e+00, -4.4383533994129918e+00,
          -4.6531954515322598e+00, -7.3498219993167098e+00,
          -4.4712095231335596e+00, -4.2257637053909427e+00,
          -6.2859510079357577e+00, -4.4564660931183440e+00 ]
   - !!opencv-matrix
      rows: 198
      cols: 1
      dt: d
      data: [ -1.9024627815148957e+01, -1.8430778313972546e+01,
          -1.7358915427801719e+01, -1.5648545354967798e+01,
          -1.3311504519102861e+01, -1.0313206157873605e+01,
          -6.6465552988807586e+00, -2.4276539965966650e+00,
          2.5073917670479178e+00, 7.0271064123577167e+00,
          1.0459760451374519e+01, 1.3121935303396132e+01,
          1.4936047819753680e+01, 1.6220073032329768e+01,
          1.7064990669707036e+01, 1.7368838370402724e+01,
          1.7226460059489725e+01, -1.4530693026743759e+01,
          -1.2893947341330044e+01, -1.0609764012871612e+01,
          -8.0410068201146441e+00, -5.5425280836983513e+00,
          3.1154473120567614e+00, 5.4577896546548672e+00,
          7.9454612091805652e+00, 1.0231491285152570e+01,
          1.1898699661243265e+01, -7.5716376860144752e-01,
          -6.5510653252560114e-01, -5.5014076317905847e-01,
          -4.3311828234755151e-01, -2.0570367074445364e+00,
          -1.0783934436518239e+00, -1.4761948962410243e-01,
          8.1117286739361116e-01, 1.8057069704347106e+00,
          -1.0516916984265066e+01, -9.1993252890776986e+00,
          -7.5061915405039850e+00, -6.0890911080230552e+00,
          -7.4544886225964317e+00, -9.0744229843337596e+00,
          4.8421005794385978e+00, 6.2439511917437720e+00,
          7.9142938927772173e+00, 9.2154611950926437e+00,
          7.8444653529122430e+00, 6.2532387763875743e+00,
          -4.2814113168901411e+00, -3.5825347609880462e+00,
          -2.1804605344155790e+00, 2.1212793286204026e-01,
          2.6490866810396021e+00, 4.3799397355095548e+00,
          5.4081427489459104e+00, 4.6763603509087179e+00,
          3.3438026804452834e+00, 1.0316055661411179e+00,
          -1.4800594958567630e+00, -3.1558145380814349e+00,
          -1.5857496244834488e+00, 3.8229267082780832e-01,
          2.4849972377140412e+00, 2.7701082123417198e+00,
          8.0372165274528928e-01, -1.2844791250072753e+00,
